 60.00
 68.00
 99.00
 98.00
 67.00
 97.00
 59.00
 58.00
 96.00
 95.00
 94.00
 85.00
 71.00
 84.00
 70.00
 44.00
 12.00
 52.00
 43.00
 37.00
 42.00
 20.00
  5.00
 30.00
 56.00
 93.00
109.00
 51.00
 92.00
 78.00
108.00
 55.00
 66.00
 69.00
 83.00
107.00
 65.00
106.00
 64.00
105.00
 82.00
104.00
 76.00
 90.00
 81.00
 63.00
 41.00
 17.00
 49.00
 33.00
 34.00
 53.00
 50.00
 26.00
 27.00
 10.00
 18.00
 54.00
 11.00
 77.00
 91.00
 35.00
 28.00
  4.00
 29.00
 19.00
 36.00
 57.00
110.00
  6.00
 38.00
 39.00
 45.00
 21.00
  7.00
 13.00
 14.00
  8.00
 22.00
  1.00
 40.00
 61.00
101.00
102.00
103.00
 48.00
 62.00
 32.00
 73.00
 87.00
 79.00
 74.00
 88.00
 80.00
 75.00
 89.00
  9.00
  3.00
 16.00
 15.00
 25.00
  2.00
 47.00
 31.00
 24.00
 23.00
 72.00
 86.00
 46.00
100.00
